1258.60 669.70 693.61 872.15 492.05 569.67 664.18 784.69 513.67 526.13 495.21 540.98 258.31 587.80 618.80 622.42 1446.10 1454.76 1026.73 1337.68 1121.91 605.01 773.83 561.50 608.13 478.04 259.30 144.79 92.28 100.77 94.55 123.11 84.63 115.38 133.69 162.39 128.43 112.61 90.31 125.52 154.51 151.34 76.06 104.75 85.12 97.33 118.10 93.81 172.21 191.64 350.55 174.72 151.00 187.09 220.70 198.85 199.08 152.83 169.18 140.79
1592.54 558.15 573.87 552.47 765.78 466.79 828.06 830.32 941.89 363.39 423.92 422.35 327.96 385.72 876.43 579.31 1022.45 1058.37 1064.51 1201.11 1231.92 564.33 897.30 433.46 483.32 374.48 265.28 211.96 127.53 106.77 148.26 113.92 90.57 101.50 118.78 200.86 177.50 159.98 96.32 129.74 112.15 101.56 104.31 86.47 76.55 77.52 89.89 102.06 123.91 187.26 145.00 288.08 216.48 226.11 262.40 321.21 163.92 229.66 141.23 127.65
1145.03 780.71 300.79 551.91 807.01 614.65 585.10 576.77 607.58 638.24 583.48 317.27 414.01 456.66 538.69 832.33 673.55 1422.87 1305.19 1039.62 641.66 428.31 295.36 404.31 334.02 605.77 303.52 172.53 120.14 175.53 159.15 80.61 66.99 114.37 118.31 150.22 179.39 148.20 88.48 118.40 127.40 120.25 146.24 78.89 54.13 60.05 105.91 92.69 117.04 96.77 176.08 147.80 281.21 254.53 350.63 397.72 162.65 132.66 170.92 131.63
658.17 774.35 730.54 478.42 723.99 871.99 1035.70 794.68 878.32 811.02 771.65 407.39 436.12 279.77 610.67 1000.68 834.35 989.36 1021.03 946.86 507.65 441.70 224.95 286.93 215.58 309.40 423.35 250.92 121.30 156.44 94.43 144.22 53.50 90.48 99.93 200.18 129.06 117.27 158.41 115.28 123.20 55.44 117.06 106.75 62.36 75.28 143.54 157.27 184.07 160.65 170.14 262.38 230.05 285.70 304.08 344.56 266.53 213.80 153.64 231.16
638.60 642.34 622.35 435.31 344.66 549.51 937.31 742.93 1317.27 1108.37 857.25 456.48 339.12 337.59 430.25 579.92 648.34 841.68 751.48 770.50 718.55 511.21 329.00 316.89 223.13 345.06 367.26 187.68 171.05 110.49 169.46 105.24 62.99 102.09 138.77 126.98 250.95 133.98 113.55 118.20 133.02 103.88 94.34 183.58 116.38 99.53 92.71 130.80 162.30 196.11 198.49 178.83 279.06 278.11 263.94 554.03 464.87 283.68 202.59 153.90
401.54 517.71 400.70 506.09 381.39 465.72 470.49 518.11 806.33 1570.80 533.36 455.60 292.72 391.40 284.31 241.99 345.70 647.74 623.99 770.94 949.43 1002.45 309.76 205.62 231.44 227.44 312.07 227.64 228.63 219.08 99.83 81.36 92.59 93.12 104.00 115.42 111.41 143.62 94.57 89.35 135.23 129.28 129.61 162.73 136.05 122.26 160.92 96.74 94.74 211.51 182.84 152.71 261.84 250.31 335.27 430.29 554.46 412.06 274.12 244.46
339.64 231.62 355.39 262.91 292.08 237.54 333.99 302.28 312.42 368.69 323.34 308.65 245.97 378.05 263.49 194.77 208.71 233.32 248.35 474.81 415.73 499.13 355.79 213.99 227.20 238.65 315.50 342.67 266.76 199.82 158.83 133.32 73.16 150.07 95.03 138.96 129.41 203.66 122.10 61.99 111.29 103.54 155.49 125.24 118.74 173.67 210.65 123.18 146.90 208.90 214.24 142.80 159.77 299.80 297.45 596.91 301.12 356.06 488.25 322.23
467.42 249.36 218.79 325.00 253.79 299.47 251.79 251.77 155.45 136.33 158.67 297.37 373.31 340.66 254.82 150.98 186.44 216.05 259.07 415.45 423.61 492.18 417.49 347.70 364.74 320.09 224.35 269.19 287.14 287.19 337.08 266.86 168.20 148.20 125.57 107.04 154.43 189.80 221.40 134.09 82.93 87.56 135.31 180.91 124.90 101.51 119.31 109.90 172.34 201.60 236.47 202.72 108.09 138.12 190.07 244.76 288.40 438.27 453.55 326.24
473.76 255.65 156.07 195.87 250.97 348.83 291.68 313.58 206.58 92.64 136.16 192.10 227.22 208.62 386.07 195.43 194.07 229.23 181.23 162.82 243.53 268.00 460.64 346.76 333.15 436.97 259.51 240.78 448.00 241.37 343.06 252.69 223.08 211.92 158.00 121.40 144.89 188.82 238.37 262.74 133.89 153.50 111.20 148.44 119.13 187.01 129.96 128.95 105.66 164.04 309.82 290.77 280.69 180.12 138.21 225.92 490.14 495.83 798.81 482.53
418.24 240.12 120.94 111.90 179.71 301.12 310.06 227.89 285.63 218.99 124.55 167.07 209.64 221.46 193.50 182.92 150.05 186.17 155.61 121.98 181.59 323.44 253.61 312.49 220.91 492.57 400.77 366.50 335.49 341.48 340.19 389.36 301.16 324.20 297.64 156.47 139.55 116.65 213.95 290.90 181.59 172.23 180.34 185.68 147.19 175.06 311.58 167.65 192.49 160.02 370.01 399.54 293.02 396.81 344.61 235.43 377.86 598.40 609.89 392.32
721.53 416.72 181.07 167.01 181.59 275.74 517.48 443.26 278.16 188.22 165.22 187.39 202.03 242.76 247.15 173.24 141.58 147.14 159.90 169.60 120.06 158.63 244.02 187.41 376.63 271.30 351.18 301.94 397.93 412.85 371.21 570.70 486.52 320.70 244.40 305.29 251.65 178.02 130.91 150.28 216.22 207.84 199.79 272.21 328.41 272.23 301.86 291.62 320.00 262.65 344.24 420.50 381.90 328.24 670.67 375.77 358.99 467.52 744.35 775.67
956.76 737.07 332.63 220.64 202.77 143.32 315.34 477.75 235.96 185.08 265.18 165.79 206.14 260.49 253.17 121.11 67.80 73.99 99.24 133.39 122.61 118.06 167.45 114.62 218.00 231.23 324.70 292.49 286.63 454.43 597.70 556.84 438.03 459.92 408.35 358.97 299.07 227.76 246.53 141.47 292.47 255.00 230.14 277.28 242.02 267.43 360.48 321.34 434.18 266.03 337.89 468.08 462.91 332.52 423.44 482.32 649.77 453.64 532.84 821.66
630.70 537.40 746.03 301.10 340.05 250.68 221.78 311.16 224.69 109.40 239.26 211.79 112.16 137.32 152.86 188.67 86.46 50.43 77.37 118.19 115.52 96.17 182.39 218.08 165.41 211.39 264.24 293.18 386.67 500.72 432.96 469.87 685.53 518.98 341.21 287.92 214.73 233.72 168.89 279.40 424.18 536.14 268.26 325.09 287.76 431.16 505.71 542.24 314.64 527.37 366.96 261.53 513.28 584.08 522.91 611.29 626.63 820.78 644.80 483.74
662.32 631.53 927.33 528.01 368.27 290.59 230.08 191.09 228.41 135.78 87.29 136.07 127.22 79.21 71.17 82.64 100.64 53.54 64.77 87.85 125.31 111.54 224.35 254.58 204.92 195.27 247.17 383.74 250.88 347.77 402.61 375.25 593.74 441.52 328.63 475.92 226.82 313.80 262.47 335.53 492.88 602.59 699.86 555.37 538.41 578.97 591.34 947.37 598.70 373.78 416.56 333.74 552.60 633.95 792.76 668.63 621.62 587.34 561.47 458.25
1299.40 951.17 643.52 764.09 372.04 411.23 329.90 285.41 214.27 205.91 121.71 107.35 94.46 75.39 61.65 65.53 75.56 85.68 60.57 56.61 92.70 96.42 127.09 224.11 254.38 275.93 237.07 273.91 257.53 254.25 339.76 277.30 305.00 378.94 437.31 369.11 248.61 330.98 469.59 616.66 708.59 711.16 717.42 849.21 801.67 726.95 792.08 1004.36 888.72 403.70 214.38 239.48 393.21 630.65 455.54 676.94 625.94 682.08 478.10 468.85
1189.82 1302.48 1070.40 600.07 670.49 460.58 386.66 232.00 170.55 116.91 122.14 142.11 138.19 134.72 81.84 71.68 77.27 71.11 75.72 58.74 55.87 71.58 95.72 151.71 345.04 296.87 155.69 263.32 298.53 231.02 189.17 388.32 407.88 405.55 483.33 285.95 317.75 569.63 462.65 1053.60 683.35 752.77 853.10 777.46 891.01 981.56 978.27 1144.96 1040.82 711.44 449.62 214.15 430.16 600.11 539.38 399.56 632.11 601.03 666.12 828.13
973.24 1119.71 744.93 743.46 956.61 557.16 450.29 308.72 264.27 196.85 166.34 138.60 126.63 97.63 78.45 77.80 55.41 57.79 85.86 54.46 80.04 117.60 135.18 190.77 306.29 368.95 420.24 263.03 255.31 269.96 154.93 180.15 515.57 400.75 462.94 394.55 492.74 815.83 810.64 571.32 1073.41 892.98 560.03 674.96 559.66 471.75 1351.38 932.97 765.06 909.36 927.25 510.74 438.54 436.80 540.91 473.10 626.27 695.48 689.67 690.00
553.89 639.08 712.27 739.30 551.26 614.39 479.80 425.07 534.18 316.07 245.06 165.12 205.22 101.87 70.29 46.61 81.46 46.70 97.31 73.76 62.76 126.40 128.04 174.99 202.76 219.92 318.36 282.04 232.10 224.66 215.70 220.72 481.08 371.37 296.18 273.34 413.87 588.48 995.86 797.57 854.86 1221.55 745.02 626.26 490.51 554.32 1596.63 1419.05 913.11 923.16 1145.74 1227.70 995.59 541.70 325.80 348.17 550.47 660.22 770.11 667.69
439.78 336.80 445.55 395.61 582.84 308.12 334.07 372.82 338.77 274.57 238.18 154.79 273.41 246.59 88.04 80.58 60.09 75.99 90.29 85.74 40.90 62.94 75.79 98.98 106.21 171.56 274.04 394.22 282.89 239.36 245.51 158.87 241.11 342.81 508.69 354.26 300.27 315.48 670.05 675.81 655.52 1253.84 1214.16 1211.23 582.23 616.18 699.14 1232.12 1227.89 889.53 974.76 774.53 1061.26 910.35 893.52 483.54 972.09 1116.59 901.44 755.53
298.20 233.84 280.99 419.51 248.18 328.06 280.31 305.93 281.69 362.15 280.35 249.77 192.50 237.54 99.46 147.74 123.61 95.07 105.11 77.07 63.67 40.38 94.87 81.64 99.94 141.54 247.14 255.24 509.72 362.52 266.05 303.75 179.41 358.98 428.18 439.93 379.39 370.47 599.21 490.64 346.23 482.94 816.70 649.79 817.06 1126.33 960.15 1173.73 1329.91 1159.97 1031.41 934.87 727.80 1545.35 978.01 728.37 1048.39 869.99 854.57 587.76
164.93 181.22 191.62 177.13 336.60 238.15 307.67 335.90 213.93 171.56 239.04 189.44 186.20 149.17 144.46 122.58 134.47 144.67 93.49 68.06 70.33 72.42 69.33 83.74 139.82 140.71 142.54 299.01 357.07 494.16 391.23 274.07 296.14 200.28 417.32 298.39 633.37 347.11 366.98 450.35 298.83 359.29 632.76 628.32 428.00 1087.58 1113.40 866.56 1520.69 1305.42 1150.08 1094.82 829.48 1083.15 1513.76 1148.12 1020.11 677.49 1021.77 1207.13
284.91 158.01 151.41 243.81 144.37 154.90 203.03 176.19 198.52 158.32 153.28 152.63 189.49 158.40 137.21 294.48 134.69 156.43 101.97 70.50 65.08 52.47 86.85 151.44 183.29 177.78 206.33 254.35 380.15 645.00 534.29 288.36 244.65 246.63 270.20 465.45 346.58 212.78 326.46 275.38 279.52 295.51 545.98 613.96 390.83 671.86 898.75 1330.84 1170.36 594.39 1153.14 931.92 1227.70 849.13 1403.68 929.81 808.01 894.94 797.37 839.81
300.51 266.63 155.35 105.72 143.53 77.86 105.86 147.97 174.00 175.90 178.18 131.41 146.95 108.14 161.07 166.30 97.59 111.05 128.34 72.65 57.15 62.86 93.10 138.51 170.88 188.04 160.30 347.66 382.65 414.59 839.99 426.19 250.12 286.61 367.54 467.27 436.23 398.66 407.26 249.72 271.93 385.51 435.04 550.21 790.03 589.51 696.61 518.51 751.50 680.17 680.74 982.80 1084.44 853.84 1334.42 1379.62 975.27 912.25 779.53 823.99
237.03 277.47 239.70 100.33 47.31 90.91 73.37 110.85 128.05 237.26 176.05 122.41 96.30 151.66 150.84 201.76 99.99 128.30 155.26 150.14 116.81 108.87 98.74 97.65 173.85 125.12 174.01 253.27 206.89 265.81 289.52 530.74 270.13 253.90 306.75 357.65 357.26 464.65 476.50 416.24 430.33 325.35 478.24 321.41 793.98 736.51 672.62 429.14 511.70 623.35 687.14 597.79 850.07 809.19 930.61 1453.86 2197.69 1145.47 962.92 803.67
277.45 254.57 271.07 131.07 112.42 57.00 71.13 72.51 73.57 103.63 118.26 80.12 89.46 85.74 115.90 77.72 115.58 134.13 153.01 168.47 141.27 100.67 76.76 104.48 197.37 100.35 186.79 216.10 188.03 234.83 220.80 289.43 477.33 247.62 316.85 370.69 340.24 438.04 307.97 371.75 579.29 477.89 608.62 819.41 833.22 737.48 759.98 560.63 701.48 835.33 658.46 981.62 747.30 739.32 912.87 989.32 2066.64 2174.68 945.58 1028.64
146.52 306.90 357.66 198.20 161.18 92.14 70.21 63.86 62.77 84.51 70.57 61.36 70.18 104.07 84.23 90.55 94.08 150.74 165.37 150.06 80.76 124.76 111.13 108.55 113.18 122.58 132.35 166.26 200.89 288.49 233.76 255.28 289.84 492.80 392.71 402.85 412.85 564.23 396.21 209.87 218.84 588.94 591.16 605.32 909.87 965.04 886.03 658.39 519.72 936.81 714.80 681.65 1177.22 954.91 969.27 1169.25 1155.29 1540.11 1410.88 1377.41
217.76 204.91 205.74 210.95 205.80 119.42 72.52 63.59 46.39 77.98 80.20 65.97 39.09 45.05 82.84 99.57 137.88 108.37 114.45 216.89 174.33 162.48 223.36 190.89 205.74 235.20 136.17 216.41 216.02 325.30 261.89 330.22 304.82 365.42 405.75 431.22 554.69 595.28 589.76 674.82 407.75 388.58 613.42 473.39 808.41 1059.55 1664.07 1264.37 740.46 827.42 702.27 930.03 917.38 907.02 861.30 1379.25 1245.45 3023.98 1673.02 1248.92
244.53 211.77 130.13 157.61 211.47 274.25 112.76 60.73 39.48 60.35 56.47 62.34 47.67 34.11 41.84 55.96 124.07 126.68 120.40 128.38 170.55 313.52 240.60 234.00 158.05 231.70 238.07 132.42 168.41 269.80 428.54 330.32 455.35 242.28 266.98 380.93 448.62 719.42 359.32 749.15 453.17 607.80 696.10 712.31 890.24 1057.81 1038.28 2232.08 1105.11 753.40 639.23 890.41 1076.93 1006.31 1271.75 1021.51 1255.00 1538.21 1558.39 2247.58
306.04 348.04 165.42 138.43 186.84 308.22 168.29 105.43 46.04 62.55 60.87 42.22 88.39 57.79 38.43 41.64 65.79 97.60 138.19 79.58 80.28 190.51 238.70 241.82 198.21 229.02 188.03 168.86 196.04 267.02 251.66 273.24 461.27 455.56 316.94 293.93 356.33 549.75 694.74 722.76 685.70 572.02 915.85 1037.33 1220.86 972.47 944.04 1163.07 1410.34 1082.10 772.35 979.82 899.08 1452.10 1041.84 732.93 721.85 1191.83 1026.01 904.18
291.77 322.31 248.06 214.38 177.21 255.14 184.36 151.42 114.18 55.83 60.72 93.63 74.70 45.63 73.65 43.54 83.47 75.41 91.40 68.04 116.16 176.08 282.86 338.95 243.99 162.19 149.19 177.70 143.68 170.21 330.97 250.67 421.63 413.51 444.00 286.97 356.37 249.09 378.16 953.76 824.81 1010.12 1118.98 912.88 1249.66 1431.46 1272.69 1083.26 1511.49 1413.37 914.45 676.56 743.57 1158.28 721.40 732.80 652.72 1135.87 889.03 942.78
269.07 310.62 319.21 163.66 152.94 238.06 191.22 134.95 119.05 110.83 51.56 68.13 74.83 77.66 103.90 86.46 122.02 154.23 127.08 87.21 117.71 116.57 139.48 243.99 179.53 143.00 135.53 129.21 182.97 247.14 303.68 296.57 400.82 347.19 364.59 374.83 400.97 358.86 463.56 491.83 739.78 1265.81 1504.97 1402.46 1008.36 1302.29 1234.44 1424.80 1729.84 1022.36 1028.23 566.16 1002.45 1057.64 795.49 820.78 833.48 816.09 1077.61 1083.15
306.57 231.87 273.34 220.60 165.58 127.63 159.22 178.51 137.74 61.59 72.41 68.18 43.76 57.93 88.47 130.24 95.02 126.30 144.07 171.94 188.93 203.75 150.84 133.70 100.81 108.67 147.44 122.26 207.76 153.59 234.32 247.93 336.43 525.36 419.63 499.40 490.72 477.75 472.55 608.23 714.63 802.51 1026.46 1212.98 1278.45 1205.67 1058.69 1248.08 1711.12 1021.26 1116.36 559.84 587.80 768.13 795.46 790.09 849.52 1150.22 927.25 1337.95
335.96 219.32 226.01 156.82 214.14 141.24 95.63 146.06 171.27 78.10 48.61 56.84 62.09 45.39 53.51 78.88 98.83 119.98 103.97 93.94 116.60 159.38 145.73 161.08 151.11 103.49 151.15 111.73 115.70 116.74 162.95 230.58 180.89 343.56 383.63 494.53 417.16 708.70 668.37 592.97 748.00 778.61 779.56 846.78 1189.32 1402.83 2128.04 1083.86 1881.22 1090.42 895.46 875.02 529.80 504.07 691.42 641.06 722.82 1189.13 783.36 963.66
218.32 314.70 264.69 204.85 222.48 114.64 84.13 77.10 138.91 116.93 64.74 55.16 47.31 49.92 71.61 68.76 87.66 105.14 118.32 119.17 73.16 152.72 184.88 229.06 186.72 149.18 85.18 83.95 95.27 138.20 103.63 163.75 141.46 278.98 269.86 597.55 336.09 525.40 1035.25 503.52 677.70 1147.28 1158.91 718.70 652.01 956.43 810.96 1631.72 1510.64 1651.55 890.41 661.55 812.79 770.48 777.39 1250.93 796.30 920.11 905.20 1024.17
201.89 226.61 193.46 171.55 198.47 131.00 131.84 127.28 107.95 120.73 102.01 85.66 50.78 74.40 71.67 129.62 116.43 96.57 99.94 131.03 73.71 78.31 84.84 154.67 140.10 113.91 98.92 89.23 89.11 96.49 142.75 122.92 174.27 239.37 324.10 259.55 392.32 415.75 828.33 662.03 643.32 728.09 854.68 522.93 551.80 749.55 957.94 1269.06 963.71 1222.70 1324.56 1047.48 808.40 715.89 790.04 1286.21 1363.80 782.78 1190.08 1023.45
169.38 246.62 226.43 233.01 176.69 186.50 90.22 113.04 94.16 81.38 93.67 62.73 77.74 98.16 96.05 96.58 120.39 89.82 122.17 101.46 62.43 84.85 71.68 87.65 90.75 125.66 61.37 82.38 126.23 84.22 125.13 115.91 179.21 320.65 620.71 274.32 357.83 528.80 593.69 755.84 526.53 577.34 1018.98 908.99 561.63 741.37 672.34 1024.40 1032.47 1272.15 1493.41 1359.07 1140.08 657.68 530.97 832.54 970.07 804.10 671.06 926.75
141.66 174.15 171.49 181.41 186.02 125.80 89.34 77.52 74.81 52.24 64.93 58.41 59.74 72.76 59.27 92.94 103.26 89.72 81.17 181.24 99.08 78.99 101.22 103.18 194.56 91.36 87.00 83.95 122.90 91.72 135.23 130.21 178.59 166.32 426.11 529.74 384.95 446.28 428.22 444.26 520.24 792.17 684.06 609.73 620.91 692.05 481.16 619.60 1211.51 749.27 1039.47 2011.01 1364.82 1147.23 725.34 753.01 1220.17 740.66 659.88 1104.80
96.16 112.38 159.42 136.39 153.45 118.88 122.38 76.10 88.41 63.86 70.04 61.74 66.31 70.95 59.69 54.02 86.34 78.30 109.96 103.03 151.65 141.08 141.20 103.94 112.57 105.18 94.59 89.16 151.20 98.66 113.66 172.56 202.06 144.48 130.49 316.73 541.71 441.26 467.77 393.74 406.37 405.11 609.98 684.24 390.48 708.39 829.06 746.97 1074.26 992.89 806.78 1274.38 1335.35 1625.62 1894.94 1325.68 1702.26 1380.33 650.23 1116.90
103.39 136.15 160.84 115.79 155.52 117.37 126.10 130.98 102.81 96.97 97.09 143.40 103.30 63.50 95.42 87.26 63.84 73.52 172.15 169.24 188.43 183.47 147.45 120.68 82.27 129.09 57.46 66.25 64.55 96.00 135.22 160.16 162.26 218.90 241.68 341.03 275.19 270.63 247.99 357.18 579.22 388.54 477.91 498.53 487.64 549.92 758.54 843.57 927.65 727.92 1007.81 920.42 1341.68 1434.44 1569.63 2040.25 1200.11 1051.78 1167.17 1521.20
167.94 195.49 244.06 228.80 152.51 193.92 166.58 161.70 213.29 132.36 145.92 120.90 97.61 81.35 144.21 82.40 103.22 68.69 146.96 188.64 241.03 248.89 159.13 191.91 108.37 110.27 112.92 69.10 84.71 82.76 111.24 115.13 212.17 220.55 355.04 382.51 248.72 321.50 259.70 268.88 217.86 238.05 314.06 364.90 359.64 487.87 463.74 649.80 1153.37 745.69 963.06 1794.36 1330.66 2445.57 1141.05 1318.68 1965.46 1211.14 1008.46 796.21
145.98 167.86 206.68 346.89 209.22 159.44 168.46 320.67 218.76 261.45 172.83 178.85 140.99 138.17 208.34 150.36 147.75 143.06 181.91 176.05 221.63 333.87 257.06 188.77 114.87 125.65 136.07 99.59 81.81 82.67 111.49 123.09 134.79 255.58 181.28 247.59 237.69 314.96 283.81 281.09 211.81 146.43 170.23 401.14 577.45 404.40 348.17 380.89 795.70 1069.12 928.10 2251.99 1902.40 2800.65 2113.36 1508.99 1410.56 1300.12 815.31 1168.50
129.48 241.48 140.61 184.78 333.87 336.32 262.01 170.84 210.32 367.76 293.07 253.55 205.65 206.40 237.22 296.03 241.18 317.06 328.04 285.71 210.99 138.48 125.79 193.21 149.41 72.56 172.68 141.55 193.31 89.39 98.36 101.64 123.52 186.55 190.55 194.07 390.28 352.38 284.02 317.21 247.09 155.83 144.75 188.24 229.38 281.60 418.36 276.88 661.14 1034.44 1258.96 1732.81 2198.50 1524.52 2072.14 1948.32 1118.05 1507.64 777.29 859.73
307.70 213.37 248.25 197.69 289.84 218.18 252.63 209.64 235.82 241.14 290.82 197.31 335.12 438.88 337.09 517.24 354.99 385.44 464.59 556.95 367.94 192.35 204.76 176.75 154.96 120.49 121.96 171.78 175.56 156.69 187.78 119.17 122.73 169.34 257.85 161.23 218.05 318.37 323.25 232.78 418.26 244.47 127.05 193.43 219.50 281.39 231.02 389.25 596.66 993.93 1206.35 1285.80 3048.98 2389.63 2651.85 2308.80 1470.78 1330.88 1190.69 1049.62
181.10 403.61 281.08 194.17 272.58 206.43 223.42 164.83 161.83 203.40 269.16 385.05 272.10 415.26 503.92 545.39 744.86 545.06 720.45 541.12 475.04 302.28 257.40 227.09 171.83 140.60 157.76 159.62 211.28 236.42 216.71 119.25 110.42 132.15 232.46 211.66 284.66 310.19 543.32 322.83 423.39 464.65 170.10 220.41 221.80 201.75 344.00 342.07 485.34 1190.36 949.81 1006.69 1279.87 2504.38 2231.99 2472.67 1448.46 1483.16 946.51 1116.45
154.06 166.46 269.36 209.23 150.67 423.78 376.80 270.11 159.85 176.25 271.29 338.92 388.09 248.21 598.09 825.63 703.43 513.49 713.37 637.37 458.32 324.85 381.86 244.10 288.35 114.59 159.69 197.83 179.29 255.93 250.09 162.08 91.58 167.12 162.09 153.59 205.45 427.15 315.16 362.83 419.98 471.77 356.47 344.86 145.09 148.53 218.86 236.32 407.68 802.21 901.12 898.77 811.46 1212.21 2188.84 2025.53 2630.58 1976.47 1641.67 1805.58
169.96 221.35 183.60 189.90 237.70 256.29 458.49 334.63 161.97 226.25 273.42 312.21 410.21 369.19 292.02 550.43 529.78 942.08 487.31 652.48 511.01 385.42 348.82 635.59 311.05 247.38 226.10 125.02 181.94 194.56 245.63 162.17 125.65 95.08 153.17 219.37 262.96 361.43 238.27 263.57 473.11 570.33 578.48 418.34 289.17 161.94 145.97 229.42 222.08 470.60 600.67 1340.43 1164.43 948.54 1195.75 1252.31 1683.15 2355.43 2525.87 1765.55
207.53 233.83 175.54 189.97 223.04 273.88 494.53 500.56 438.74 360.94 288.10 308.92 368.63 394.35 253.30 360.59 639.38 706.31 502.07 1145.62 669.35 587.80 496.10 553.32 709.03 255.99 224.16 178.05 268.64 297.31 235.38 228.56 144.15 118.00 138.96 142.22 333.18 477.40 350.26 235.24 351.46 787.39 496.64 506.11 363.29 256.13 248.78 145.77 193.29 212.97 320.70 509.79 849.31 1330.70 946.39 1533.28 807.03 999.53 1657.85 1988.07
230.48 202.55 219.97 263.21 307.49 374.80 425.14 420.14 587.89 625.67 392.21 259.60 237.75 197.89 162.67 235.99 457.32 842.16 697.17 884.90 799.12 806.94 1082.58 882.08 669.20 673.45 287.43 193.09 317.65 501.33 268.99 253.77 241.23 157.06 126.24 204.13 317.92 577.42 548.98 330.08 230.77 451.74 669.35 581.53 531.07 301.59 501.90 338.75 281.86 252.10 310.51 318.24 670.71 1191.35 1188.79 1319.50 1234.62 1054.16 734.87 898.71
237.12 195.57 311.45 360.49 318.24 355.23 520.25 430.81 390.73 395.45 505.48 335.24 154.41 227.96 190.14 207.58 263.75 433.94 715.17 619.61 749.83 581.39 922.96 1607.12 1168.36 783.71 453.46 288.90 468.99 545.44 268.45 234.41 146.27 136.45 117.90 251.84 356.84 471.76 636.85 832.18 529.41 482.05 498.09 618.30 483.34 375.58 230.97 502.50 331.17 284.92 244.50 313.32 633.59 894.38 1155.52 1148.57 1132.46 1424.03 1047.73 583.60
261.37 257.38 234.28 404.43 570.71 373.65 771.07 871.99 548.99 260.50 186.61 273.46 292.26 156.13 177.64 169.61 212.39 324.16 503.33 595.07 469.68 436.13 999.26 715.29 1292.39 923.14 751.19 707.85 478.44 657.89 446.50 358.40 185.29 274.50 186.62 252.91 377.85 383.00 525.44 496.35 457.49 418.92 483.88 615.27 485.00 233.46 188.32 279.96 342.60 289.50 298.53 207.73 188.01 517.90 861.56 1357.50 879.20 961.85 739.20 577.97
287.33 182.11 137.49 438.11 676.11 569.07 404.02 759.08 638.51 383.27 329.83 352.83 472.95 258.99 235.43 190.87 221.27 221.61 592.73 722.67 518.37 463.64 673.83 793.49 1038.05 1308.02 1159.22 833.89 889.98 861.27 582.12 396.66 441.44 379.60 322.14 333.97 409.89 561.89 488.64 457.88 555.66 357.34 481.00 571.61 602.93 277.20 316.34 424.97 527.26 505.64 221.08 164.18 233.53 503.21 466.41 684.20 550.88 485.77 557.76 592.90
258.42 218.77 142.46 191.83 352.48 1011.81 733.58 435.88 316.88 412.46 377.69 243.90 428.75 432.81 641.78 278.19 338.00 261.03 589.76 555.53 620.49 755.13 671.77 647.68 654.87 1637.81 1000.80 1145.11 1355.00 947.65 690.35 411.78 496.18 458.66 317.59 402.55 250.58 311.74 401.81 514.17 371.40 326.05 598.39 549.28 656.55 522.32 442.88 327.13 388.54 439.42 294.08 258.80 237.53 278.96 304.77 312.64 471.35 529.99 387.82 375.23
378.06 235.80 180.50 167.87 271.82 429.06 534.00 501.12 485.13 389.21 452.76 397.44 320.64 485.62 584.56 543.91 431.99 371.00 509.07 557.28 390.63 537.59 722.70 710.31 840.55 1188.89 1884.36 1308.29 1643.86 1274.26 778.34 503.95 350.00 251.06 244.83 231.29 368.68 220.69 316.86 276.23 317.45 291.38 291.57 320.01 302.10 377.35 454.50 346.63 355.59 573.60 354.62 480.05 306.93 238.72 218.27 320.47 423.75 286.81 411.26 497.44
361.03 202.85 205.28 168.72 279.11 328.75 523.57 549.25 732.32 441.76 472.27 471.28 279.59 272.74 488.35 606.96 698.04 364.92 476.69 593.32 477.35 430.06 644.21 821.72 982.12 1412.67 1788.09 1889.93 1954.47 1222.55 839.66 747.99 449.45 234.11 131.32 199.26 284.74 240.87 323.30 260.55 367.65 291.79 310.11 273.20 248.69 318.84 275.25 354.31 322.44 518.08 549.95 470.20 434.30 418.28 270.87 276.84 270.69 370.25 464.87 465.27
261.98 241.66 222.43 266.08 265.05 379.83 352.71 421.17 472.15 847.10 767.32 614.25 334.91 264.60 376.75 460.37 550.95 583.85 406.43 818.75 652.25 602.89 606.19 657.80 925.77 1549.85 1425.38 2548.97 2168.16 1450.93 1457.87 980.77 676.21 321.91 112.81 137.46 160.06 277.06 154.58 362.33 427.98 494.12 347.03 370.97 221.92 248.12 257.59 299.69 326.61 464.21 607.22 835.98 380.78 500.82 470.31 257.17 313.54 364.31 434.40 456.46
182.72 233.91 166.65 133.12 191.39 257.76 344.96 457.01 355.39 656.11 443.34 438.12 625.95 372.77 408.11 527.49 656.26 711.58 505.48 535.07 640.33 703.19 483.52 509.84 673.44 1060.43 1384.92 1196.41 1749.40 1050.30 898.78 1008.67 783.67 409.78 219.98 133.01 261.21 217.13 122.91 206.30 408.35 411.49 649.44 639.31 411.82 268.28 279.63 215.30 400.75 557.14 749.62 855.45 789.09 451.61 613.92 359.36 212.33 419.83 412.68 427.69
265.22 125.43 127.01 123.26 175.64 262.23 263.68 416.97 492.71 430.09 423.71 444.43 379.97 577.98 355.46 448.49 483.76 474.45 423.07 735.44 789.16 1008.20 609.05 558.92 460.60 827.03 1546.21 1226.37 1152.06 1408.73 1143.43 928.72 736.01 590.79 318.78 189.19 144.16 104.37 149.34 273.52 158.42 250.87 552.65 659.65 665.68 430.39 491.95 390.65 359.64 442.68 528.29 735.23 966.46 806.21 640.12 644.97 352.70 220.03 332.84 377.22
301.32 107.19 73.88 65.99 135.85 128.76 158.93 233.49 369.04 402.29 393.75 462.40 226.55 318.48 374.07 359.08 398.64 463.39 704.35 409.08 490.58 785.01 923.23 708.09 459.56 591.04 1179.50 917.67 1314.26 1530.91 1789.09 1520.69 854.50 661.10 530.62 196.92 178.01 106.91 93.13 172.11 191.67 143.88 265.16 516.83 736.33 612.00 505.73 728.35 427.79 790.79 897.68 881.26 687.63 512.45 721.32 823.66 365.99 302.98 316.17 376.35
200.41 128.50 71.00 92.54 97.86 160.44 132.12 207.81 380.48 342.81 356.58 528.21 353.43 271.37 412.72 238.31 210.34 225.04 403.10 488.56 526.64 748.00 1326.52 1036.96 706.75 550.99 833.41 456.39 901.58 1638.98 1753.61 1906.14 1297.32 987.16 826.87 368.03 284.12 217.47 130.94 137.78 127.12 149.46 234.67 365.37 432.22 554.16 625.48 749.12 587.43 393.89 817.84 1128.10 1250.60 616.64 450.28 823.45 487.03 294.77 396.18 353.37
336.94 189.33 138.97 87.94 85.22 139.80 178.54 200.26 219.97 214.34 258.24 332.97 271.70 288.03 250.63 206.36 240.31 293.85 209.91 252.39 483.91 903.51 1325.82 910.89 875.27 804.00 625.49 614.50 696.78 1659.66 2361.51 2050.47 1571.45 1049.67 793.67 446.59 523.91 467.72 300.49 128.34 106.54 86.93 116.91 224.00 350.51 472.60 575.63 787.74 575.41 491.98 431.86 734.91 1191.92 952.05 741.46 691.91 551.49 527.49 389.32 473.60
