1258.60 669.70 693.61 872.15 492.05 569.67 664.18 784.69 513.67 526.13 495.21 540.98 258.31 587.80 618.80 
1592.54 558.15 573.87 552.47 765.78 466.79 828.06 830.32 941.89 363.39 423.92 422.35 327.96 385.72 876.43 
550.43 529.78 942.08 487.31 652.48 511.01 385.42 348.82 635.59 311.05 247.38 226.10 125.02 181.94 194.56 
207.53 233.83 175.54 189.97 223.04 273.88 494.53 500.56 438.74 360.94 288.10 308.92 368.63 394.35 253.30 
230.48 202.55 219.97 263.21 307.49 374.80 425.14 420.14 587.89 625.67 392.21 259.60 237.75 197.89 162.67 
237.12 195.57 311.45 360.49 318.24 355.23 520.25 430.81 390.73 395.45 505.48 335.24 154.41 227.96 190.14 
261.37 257.38 234.28 404.43 570.71 373.65 771.07 871.99 548.99 260.50 186.61 273.46 292.26 156.13 177.64 
287.33 182.11 137.49 438.11 676.11 569.07 404.02 759.08 638.51 383.27 329.83 352.83 472.95 258.99 235.43 
258.42 218.77 142.46 191.83 352.48 1011.81 733.58 435.88 316.88 412.46 377.69 243.90 428.75 432.81 641.78 
378.06 235.80 180.50 167.87 271.82 429.06 534.00 501.12 485.13 389.21 452.76 397.44 320.64 485.62 584.56 
361.03 202.85 205.28 168.72 279.11 328.75 523.57 549.25 732.32 441.76 472.27 471.28 279.59 272.74 488.35 
261.98 241.66 222.43 266.08 265.05 379.83 352.71 421.17 472.15 847.10 767.32 614.25 334.91 264.60 376.75 
182.72 233.91 166.65 133.12 191.39 257.76 344.96 457.01 355.39 656.11 443.34 438.12 625.95 372.77 408.11 
265.22 125.43 127.01 123.26 175.64 262.23 263.68 416.97 492.71 430.09 423.71 444.43 379.97 577.98 355.46 
301.32 107.19 73.88 65.99 135.85 128.76 158.93 233.49 369.04 402.29 393.75 462.40 226.55 318.48 374.07