1258.60 669.70 693.61 872.15 492.05 569.67 664.18 784.69 513.67 526.13 495.21 540.98 258.31 587.80 618.80
1592.54 558.15 573.87 552.47 765.78 466.79 828.06 830.32 941.89 363.39 423.92 422.35 327.96 385.72 876.43
1145.03 780.71 300.79 551.91 807.01 614.65 585.10 576.77 607.58 638.24 583.48 317.27 414.01 456.66 538.69
658.17 774.35 730.54 478.42 723.99 871.99 1035.70 794.68 878.32 811.02 771.65 407.39 436.12 279.77 610.67
638.60 642.34 622.35 435.31 344.66 549.51 937.31 742.93 1317.27 1108.37 857.25 456.48 339.12 337.59 430.25
401.54 517.71 400.70 506.09 381.39 465.72 470.49 518.11 806.33 1570.80 533.36 455.60 292.72 391.40 284.31 
339.64 231.62 355.39 262.91 292.08 237.54 333.99 302.28 312.42 368.69 323.34 308.65 245.97 378.05 263.49 
467.42 249.36 218.79 325.00 253.79 299.47 251.79 251.77 155.45 136.33 158.67 297.37 373.31 340.66 254.82 
473.76 255.65 156.07 195.87 250.97 348.83 291.68 313.58 206.58 92.64 136.16 192.10 227.22 208.62 386.07 
418.24 240.12 120.94 111.90 179.71 301.12 310.06 227.89 285.63 218.99 124.55 167.07 209.64 221.46 193.50 
721.53 416.72 181.07 167.01 181.59 275.74 517.48 443.26 278.16 188.22 165.22 187.39 202.03 242.76 247.15 
956.76 737.07 332.63 220.64 202.77 143.32 315.34 477.75 235.96 185.08 265.18 165.79 206.14 260.49 253.17 
630.70 537.40 746.03 301.10 340.05 250.68 221.78 311.16 224.69 109.40 239.26 211.79 112.16 137.32 152.86 
662.32 631.53 927.33 528.01 368.27 290.59 230.08 191.09 228.41 135.78 87.29 136.07 127.22 79.21 71.17
1299.40 951.17 643.52 764.09 372.04 411.23 329.90 285.41 214.27 205.91 121.71 107.35 94.46 75.39 61.65