=== INFORMAÇÕES DO RESERVATÓRIO ===
Dimensões da malha: NX = 15, NY = 15
Tamanho das células em X (dx) [m]: [50.0, 50.0, 50.0, 50.0, 50.0, 50.0, 50.0, 50.0, 50.0, 50.0, 50.0, 50.0, 50.0, 50.0, 50.0]
Tamanho das células em Y (dy) [m]: [50.0, 50.0, 50.0, 50.0, 50.0, 50.0, 50.0, 50.0, 50.0, 50.0, 50.0, 50.0, 50.0, 50.0, 50.0]
Espessura (h) [m]: 10.0
Viscosidade do fluido (mu) [cP]: 1.0
Densidade do fluido (rho) [kg/m³]: 800.0

=== RESULTADOS DOS POÇOS ===
  i   j tipo       controle    pressao_kPa   vazao_m3_dia
  2   3 INJETOR    VAZAO            298.10         500.00
  7   7 PRODUTOR   PRESSAO          285.00       -1876.31
 12  13 PRODUTOR   PRESSAO          320.00        1376.31

=== MAPA DE PRESSÃO [kPa] ===
 296.95  296.96  296.95  296.85  296.47  295.94  295.51  295.26  295.12  295.11  295.19  295.33  295.54  295.73  295.80
 296.94  296.98  297.06  297.10  296.53  295.90  295.40  295.14  295.00  294.99  295.13  295.33  295.57  295.77  295.86
 296.91  296.99  297.30  298.10  296.58  295.74  295.15  294.85  294.74  294.76  295.01  295.31  295.64  295.88  296.00
 296.79  296.80  296.80  296.97  296.15  295.31  294.73  294.48  294.38  294.54  294.90  295.35  295.75  296.04  296.21
 296.65  296.58  296.43  296.13  295.53  294.86  294.34  294.04  294.04  294.30  294.80  295.38  295.94  296.40  296.54
 296.48  296.35  296.00  295.53  294.88  294.20  293.59  293.28  293.52  294.07  294.77  295.50  296.28  296.91  297.11
 296.34  296.13  295.63  294.90  294.20  293.24  292.10  291.41  292.12  293.41  294.75  295.98  296.88  297.59  297.98
 296.34  296.10  295.46  294.53  293.76  292.64  290.05  285.00  289.19  292.27  294.81  296.65  297.78  298.53  299.14
 296.45  296.26  295.74  294.99  294.37  293.82  293.21  292.34  293.82  295.41  296.74  298.23  299.46  300.23  300.62
 296.67  296.60  296.36  296.02  295.74  295.68  295.93  296.25  297.14  298.41  299.54  300.65  301.89  302.87  303.15
 296.90  296.96  297.03  297.08  297.13  297.29  297.90  298.77  299.57  300.72  302.13  303.27  304.74  306.32  306.85
 297.04  297.16  297.46  297.81  298.26  298.72  299.29  300.34  301.75  303.15  304.48  306.00  308.00  310.51  310.80
 297.13  297.28  297.64  298.24  299.00  299.83  300.64  301.65  303.20  304.83  306.52  309.50  313.43  320.00  316.44
 297.20  297.34  297.71  298.44  299.36  300.36  301.52  302.80  304.09  305.57  307.26  309.15  311.24  312.86  313.26
 297.23  297.36  297.74  298.50  299.49  300.51  301.83  303.26  304.58  305.84  307.18  308.41  309.84  310.90  311.28

=== PERMEABILIDADE NA DIREÇÃO X (kx) [mD] ===
1258.60  669.70  693.61  872.15  492.05  569.67  664.18  784.69  513.67  526.13  495.21  540.98  258.31  587.80  618.80
1592.54  558.15  573.87  552.47  765.78  466.79  828.06  830.32  941.89  363.39  423.92  422.35  327.96  385.72  876.43
 550.43  529.78  942.08  487.31  652.48  511.01  385.42  348.82  635.59  311.05  247.38  226.10  125.02  181.94  194.56
 207.53  233.83  175.54  189.97  223.04  273.88  494.53  500.56  438.74  360.94  288.10  308.92  368.63  394.35  253.30
 230.48  202.55  219.97  263.21  307.49  374.80  425.14  420.14  587.89  625.67  392.21  259.60  237.75  197.89  162.67
 237.12  195.57  311.45  360.49  318.24  355.23  520.25  430.81  390.73  395.45  505.48  335.24  154.41  227.96  190.14
 261.37  257.38  234.28  404.43  570.71  373.65  771.07  871.99  548.99  260.50  186.61  273.46  292.26  156.13  177.64
 287.33  182.11  137.49  438.11  676.11  569.07  404.02  759.08  638.51  383.27  329.83  352.83  472.95  258.99  235.43
 258.42  218.77  142.46  191.83  352.48 1011.81  733.58  435.88  316.88  412.46  377.69  243.90  428.75  432.81  641.78
 378.06  235.80  180.50  167.87  271.82  429.06  534.00  501.12  485.13  389.21  452.76  397.44  320.64  485.62  584.56
 361.03  202.85  205.28  168.72  279.11  328.75  523.57  549.25  732.32  441.76  472.27  471.28  279.59  272.74  488.35
 261.98  241.66  222.43  266.08  265.05  379.83  352.71  421.17  472.15  847.10  767.32  614.25  334.91  264.60  376.75
 182.72  233.91  166.65  133.12  191.39  257.76  344.96  457.01  355.39  656.11  443.34  438.12  625.95  372.77  408.11
 265.22  125.43  127.01  123.26  175.64  262.23  263.68  416.97  492.71  430.09  423.71  444.43  379.97  577.98  355.46
 301.32  107.19   73.88   65.99  135.85  128.76  158.93  233.49  369.04  402.29  393.75  462.40  226.55  318.48  374.07

=== PERMEABILIDADE NA DIREÇÃO Y (ky) [mD] ===
1258.60  669.70  693.61  872.15  492.05  569.67  664.18  784.69  513.67  526.13  495.21  540.98  258.31  587.80  618.80
1592.54  558.15  573.87  552.47  765.78  466.79  828.06  830.32  941.89  363.39  423.92  422.35  327.96  385.72  876.43
1145.03  780.71  300.79  551.91  807.01  614.65  585.10  576.77  607.58  638.24  583.48  317.27  414.01  456.66  538.69
 658.17  774.35  730.54  478.42  723.99  871.99 1035.70  794.68  878.32  811.02  771.65  407.39  436.12  279.77  610.67
 638.60  642.34  622.35  435.31  344.66  549.51  937.31  742.93 1317.27 1108.37  857.25  456.48  339.12  337.59  430.25
 401.54  517.71  400.70  506.09  381.39  465.72  470.49  518.11  806.33 1570.80  533.36  455.60  292.72  391.40  284.31
 339.64  231.62  355.39  262.91  292.08  237.54  333.99  302.28  312.42  368.69  323.34  308.65  245.97  378.05  263.49
 467.42  249.36  218.79  325.00  253.79  299.47  251.79  251.77  155.45  136.33  158.67  297.37  373.31  340.66  254.82
 473.76  255.65  156.07  195.87  250.97  348.83  291.68  313.58  206.58   92.64  136.16  192.10  227.22  208.62  386.07
 418.24  240.12  120.94  111.90  179.71  301.12  310.06  227.89  285.63  218.99  124.55  167.07  209.64  221.46  193.50
 721.53  416.72  181.07  167.01  181.59  275.74  517.48  443.26  278.16  188.22  165.22  187.39  202.03  242.76  247.15
 956.76  737.07  332.63  220.64  202.77  143.32  315.34  477.75  235.96  185.08  265.18  165.79  206.14  260.49  253.17
 630.70  537.40  746.03  301.10  340.05  250.68  221.78  311.16  224.69  109.40  239.26  211.79  112.16  137.32  152.86
 662.32  631.53  927.33  528.01  368.27  290.59  230.08  191.09  228.41  135.78   87.29  136.07  127.22   79.21   71.17
1299.40  951.17  643.52  764.09  372.04  411.23  329.90  285.41  214.27  205.91  121.71  107.35   94.46   75.39   61.65
